id	fdr.pvalue.tcell_rep1_0min	fdr.pvalue.tcell_rep2_0min	fdr.pvalue.tcell_rep3_0min	fdr.pvalue.tcell_rep4_0min	fdr.pvalue.tcell_rep5_0min	fdr.pvalue.tcell_rep1_2min	fdr.pvalue.tcell_rep2_2min	fdr.pvalue.tcell_rep3_2min	fdr.pvalue.tcell_rep4_2min	fdr.pvalue.tcell_rep5_2min	fdr.pvalue.tcell_rep1_5min	fdr.pvalue.tcell_rep2_5min	fdr.pvalue.tcell_rep3_5min	fdr.pvalue.tcell_rep4_5min	fdr.pvalue.tcell_rep5_5min	tcell_rep1_0min	tcell_rep2_0min	tcell_rep3_0min	tcell_rep4_0min	tcell_rep5_0min	tcell_rep1_2min	tcell_rep2_2min	tcell_rep3_2min	tcell_rep4_2min	tcell_rep5_2min	tcell_rep1_5min	tcell_rep2_5min	tcell_rep3_5min	tcell_rep4_5min	tcell_rep5_5min
PERT-PSP_WORTMANNIN	0.339781106721038	0.226092779671348	0.956291335037903	0.0343803939596326	NA	1	0.971390807355487	0.915236029022583	0.900975524843485	0.753248216101269	0.419760732411279	0.79620107732551	0.664516542312243	0.784580725255454	0.679186868391845	2.1829	2.5694	0.5455	3.4719	NA	-0.124	-0.4909	-0.6218	-0.6452	-1.0397	-1.9485	-0.9389	-1.2828	-0.9588	-1.2479
PERT-PSP_VIRUS_INFECTION	0.950288252427055	0.590028874521373	0.765967336201023	0.643088644514219	NA	0.546661303298471	0.502039770228995	0.411788652920572	0.463079899711846	0.279404675730267	0.827302808580942	0.407554282267793	0.372367007885921	0.353640186407978	0.38250225882756	-0.5436	-1.5128	-0.9832	-1.3427	NA	1.6374	1.7654	1.9955	1.86	2.4422	0.8448	1.9991	2.106	2.1954	2.0675
PERT-PSP_VANADATE	0.735031821048579	0.369337882903774	1	0.357524791937145	NA	0.873780139459652	0.798055061598829	1	0.506803205575877	0.508764465270228	0.366732623213699	0.974606626201948	0.591833697162135	0.669025753993777	0.7075091429597	-1.0824	-2.1234	0.3239	-2.167	NA	0.7318	0.9211	0.4051	1.7624	1.7435	2.114	0.4618	1.4948	1.2837	1.1658
PERT-PSP_UV	0.392950687258972	0.0937657089349958	0.760316230062676	0.067168289054998	0.009909375	0.71172745490982	0.716108737240095	0.590224202309925	0.692068421207733	0.877467307921618	1	1	1	0.932261085962908	0.992209533009185	-2.0407	-3.2298	-1.0073	-3.3238	-4.1421	-1.1232	-1.1128	-1.4796	-1.1798	-0.7192	-0.3043	-0.1587	0.2323	0.5718	0.418
PERT-PSP_U0126	0.666843754349861	0.395845355851238	0.639448843937926	0.135008478495452	0.534225102746187	0.279472808695147	0.25213829376754	0.291431082006998	0.382006848350087	0.302533140509869	0.691823805869758	0.394085273192176	0.717019524859068	0.387394744938284	0.759858284237048	1.2847	2.0572	-1.3834	3.0485	1.6825	-2.481	-2.5012	-2.388	-2.064	-2.3628	1.1998	-2.0575	-1.1346	-2.0721	-0.9955
PERT-PSP_TORIN1	0.59363908567225	0.184349401386263	0.539543860763723	0.535415394192821	0.470823549072709	0.126797181567148	0.329171621086009	0.122703150912106	0.192030521407376	0.676176318521156	0.297464884804583	0.332969379562586	0.257965139712731	0.257285094255385	0.358986070261028	1.4898	-2.792	-1.6649	-1.6664	-1.8393	-3.0794	-2.2881	-3.1064	-2.8379	-1.243	-2.3571	-2.2512	-2.5046	-2.5246	-2.1547
PERT-PSP_TNF	0.353640186407978	0.0641365180891465	0.89157942933656	NA	NA	1	1	0.883683584970369	1	0.839628962406801	0.640099153801434	0.832750930403862	0.840669001202112	0.631996194345471	0.836069132833541	-2.1667	-3.261	-0.6834	NA	NA	0.2211	0.3492	0.6911	0.3433	0.8199	1.378	0.8368	0.7998	1.4216	0.8178
PERT-PSP_THROMBIN	0.564962509485035	0.230191878417373	1	NA	NA	0.814057581080141	0.750289852810769	0.678332104028272	0.681680477349216	0.48797316889968	0.373219489786999	0.682141328768589	0.65525359836649	0.604599211121001	0.681680477349216	-1.5568	-2.5626	0.0571	NA	NA	0.8885	1.0668	1.2486	1.2293	1.8082	2.1106	1.2138	1.3187	1.4711	1.2297
PERT-PSP_SU11274	0.218660992347298	1	0.877467307921618	0.936203786760805	0.82746355200206	0.360851049056254	0.257965139712731	0.297034535459857	0.358049727697479	0.326362477945501	0.0402166193181818	0.178144702670817	0.169523619693044	0.201358902717805	0.193088582225099	2.6421	-0.14	-0.7226	0.573	-0.8411	-2.1562	-2.497	-2.3585	-2.1557	-2.2564	-3.3433	-2.7933	-2.9037	-2.7574	-2.805
PERT-PSP_SIRNA	0.66741867072146	0.178080520536804	0.192030521407376	0.178238747113824	0.336930000884945	0.173478439264571	0.25213829376754	0.257965139712731	0.132973527059244	0.490080211395972	0.11516394626607	0.328326600616392	0.191076184818546	0.184182224254098	0.171319576217584	-1.2843	-2.8009	-2.7753	-2.8249	-2.2532	-2.8163	-2.5831	-2.484	-3.0221	-1.8088	-3.1029	-2.2754	-2.8163	-2.8412	-2.8407
PERT-PSP_SII_ANGIOTENSIN_2	0.305203934825073	0.153702793076318	1	0.296542712066906	0.68141147575374	0.61823431847687	0.716965062908102	0.756890679074979	0.786824165398635	0.481825627905092	0.267658180835978	0.447472608051149	0.344105062820183	0.397233841546743	0.376168173905005	-2.3549	-2.9757	0.3249	-2.371	-1.213	1.4374	1.1149	1.0235	0.9496	1.8031	2.4951	1.8786	2.2342	2.0398	2.0939
PERT-PSP_SERUM	0.220633938925396	1	1	0.750409529919213	0.982348414194314	0.406615060921995	0.297464884804583	0.552701118955994	0.489840500824493	0.563965621107922	0.191817405397247	0.447472608051149	0.824064449064449	0.493479411123907	0.330237446034992	-2.7267	-0.1058	0.1006	-1.0353	-0.4375	1.9971	2.3872	1.6094	1.8001	1.5795	2.8258	1.8901	0.8537	1.8135	2.2529
PERT-PSP_RAPAMYCIN	1	0.28887035925776	0.681930971507219	0.289260254392155	0.850565898290701	0.643088644514219	0.416437645340457	0.481825627905092	0.377455349840324	0.212483297562486	0.500520525355831	0.342163474507688	0.135008478495452	0.464901954749924	0.339781106721038	0.3459	-2.3647	1.2561	-2.3437	0.7762	1.3666	1.9913	1.8112	2.0853	2.6111	1.7654	2.193	2.9251	1.8667	2.2098
PERT-PSP_PHORBOL_ESTER_IONOMYCIN	0.561047871510993	0.218660992347298	1	NA	NA	0.811517078940033	0.739101341443355	0.678332104028272	0.692068421207733	0.487639058253599	0.373271822328628	0.693316006554043	0.652357610503336	0.595557534701713	0.679385097483513	-1.5748	-2.6326	0.0579	NA	NA	0.8896	1.0714	1.254	1.2118	1.8206	2.1154	1.1875	1.3282	1.4837	1.2513
PERT-PSP_PHORBOL_ESTER	0.0819045454310643	0.41829219469807	1	0.184182224254098	0.284995881015267	0.462585375652873	0.637284022932184	0.904230300552399	0.664516542312243	0.48084802805006	0.344105062820183	0.366732623213699	1	0.494973369579952	0.366733207419009	-3.4564	-2.0127	-0.336	-2.8817	-2.4845	1.8838	1.3753	0.644	1.2824	1.8301	2.2335	2.1296	0.0766	1.7974	2.1172
PERT-PSP_PDGF	NA	NA	NA	NA	NA	0.644839090536555	0.639448843937926	0.539356453126419	0.642250279863697	0.0476738154838419	0.540574921970271	0.0231870281337404	0.59363908567225	0.498995165019971	0.0146123645211236	NA	NA	NA	NA	NA	1.3529	1.3751	1.6589	1.3654	3.4147	1.6623	3.6694	1.5018	1.7811	3.8102
PERT-PSP_PD98059	0.363878331349025	0.0266865279741466	1	0.0425780463242699	NA	0.307578037049598	0.312635766264798	0.511763773797507	0.573917345445237	0.51120604326876	0.195138570706893	0.325265757167125	0.192030521407376	0.305203934825073	0.243326432938422	2.1542	3.2912	-0.0075	3.325	NA	-2.3064	-2.3271	-1.7312	-1.5344	-1.7452	-2.7061	-2.2545	-2.7226	-2.329	-2.5276
PERT-PSP_PAR2_ACTIVATING_PEPTIDE	0.554197581682532	0.228090766123988	1	NA	NA	0.814057581080141	0.752701154859516	0.681930971507219	0.686481294611851	0.498995165019971	0.366732623213699	0.696328668578709	0.654371444316886	0.58641514580541	0.681680477349216	-1.5898	-2.5965	0.0574	NA	NA	0.8868	1.0574	1.2407	1.2151	1.7915	2.1394	1.1825	1.3453	1.5196	1.2438
PERT-PSP_OKADAIC_ACID	0.362034040735093	0.0711152376338877	0.759008336345563	0.0787295518237709	0.145257570508728	0.856328587201925	1	1	1	1	0.681680477349216	0.98119843144115	0.79620107732551	1	1	-2.1868	-3.2835	-1.0196	-3.3571	-2.9791	-0.7535	-0.2459	-0.1318	0.1559	0.1816	1.2209	-0.4651	0.9355	-0.2556	0.1183
PERT-PSP_NOCODAZOLE	1	0.782584312305227	1	1	1	0.392950687258972	0.400675444241096	0.569550026490279	0.283216210460792	0.29332945837221	0.750289852810769	0.309259000050546	0.877467307921618	0.558861705379715	0.639448843937926	0.058	0.9484	0.3625	-0.1978	-0.0283	2.0154	2.0297	1.5429	2.458	2.4086	1.0364	2.3073	0.6973	1.6155	1.3761
PERT-PSP_LY294002	0.230191878417373	0.690913312990577	1	0.988112121183848	0.829440330560987	0.580429582368405	0.500059136605559	0.564962509485035	0.642640653357532	0.642640653357532	NA	0.358953841532608	0.366940196772591	0.398327109834032	0.401714811412892	2.5581	-1.2112	-0.3922	-0.4523	-0.8355	-1.5197	-1.7577	-1.5887	-1.3597	-1.3693	NA	-2.1593	-2.131	-2.0212	-2.0277
PERT-PSP_LPS	0.289260254392155	0.0641365180891465	0.871603981398385	0.0474137028741287	NA	0.746054842303109	0.752701154859516	0.877922262298112	0.989126203090136	0.748217895765721	0.366732623213699	0.737482265314365	0.583965428869949	0.63293695380774	0.681930971507219	-2.4363	-3.302	-0.7464	-3.2988	NA	1.0596	1.037	0.7111	0.4357	1.0438	2.1457	1.0975	1.5348	1.4127	1.229
PERT-PSP_LPA	0.595557534701713	0.333585321100917	1	0.294125387197253	0.307035928143713	1	1	1	0.71500197417317	0.68141147575374	0.376516021056084	1	0.678332104028272	0.708113593382432	0.811517078940033	-1.4792	-2.2778	-0.1479	-2.3723	-2.3312	0.1029	0.38	0.1929	1.1293	1.2208	2.0936	0.3437	1.2459	1.1448	0.8926
PERT-PSP_LITHIUM	0.61823431847687	0.642250279863697	1	0.426754251276343	0.729970986920333	0.703408142783761	0.533227718566147	0.756685003642803	0.595557534701713	0.538598243616469	0.747111511991343	0.596960899614365	1	0.760478019632949	0.411788652920572	1.4318	1.3561	NaN	1.9599	1.0943	1.1911	1.6892	1.0312	1.501	1.695	1.0548	1.4787	NaN	1.025	1.9942
PERT-PSP_LAPATINIB	0.231944520186872	0.995015995233731	0.547410815164801	0.77510070488451	NA	0.0266865279741466	0.009909375	0.0343803939596326	0.0146123645211236	0.0402166193181818	0.009909375	0.009909375	0.0146123645211236	0.009909375	0.009909375	2.5494	0.4104	-1.6329	0.9839	NA	-3.7133	-3.9421	-3.4554	-3.6881	-3.6159	-3.9381	-3.9262	-4.0018	-3.7433	-3.9643
PERT-PSP_IONOMYCIN	0.850565898290701	0.457866387148394	0.556791870699132	0.344472683650855	NA	0.0762636267037479	0.0374910587785553	0.0895040322580645	0.0343803939596326	0.0231870281337404	0.009909375	0.128151497590435	0.0425780463242699	0.12663290649292	0.0266865279741466	-0.7844	-1.8839	1.6024	-2.199	NA	3.0772	3.3582	3.0631	3.3445	3.5323	3.533	2.9576	3.3413	2.9334	3.3662
PERT-PSP_IONIZING_RADIATION	0.995015995233731	0.225127616088678	0.752701154859516	0.191817405397247	0.257965139712731	0.760316230062676	0.469177783869786	0.664516542312243	0.376168173905005	0.201358902717805	0.376108536184811	0.473350523584155	0.134848586584301	0.546661303298471	0.153469923124404	-0.4264	-2.6184	-1.033	-2.8749	-2.518	1.0021	1.842	1.2742	2.1203	2.7051	2.0979	1.8238	3.0015	1.6178	3.0135
PERT-PSP_INSULIN	0.0146123645211236	0.350728187837418	1	0.246664535342932	0.498995165019971	0.580348618209413	0.598118641029089	0.703408142783761	0.717019524859068	0.767606790883656	0.218723985215278	0.78116035455278	1	0.739796753224946	0.680685981739079	-4.329	-2.1889	-0.3608	-2.5585	-1.7532	1.5423	1.4707	1.1432	1.104	0.9804	2.6868	0.9636	0.2249	1.0613	1.2132
PERT-PSP_IL_6	0.0711152376338877	0.0668645652245219	0.305203934825073	0.0146123645211236	0.009909375	1	1	0.666843754349861	0.654802056960639	0.725387712085098	0.877467307921618	0.664516542312243	0.291988950276243	0.801134086092614	0.956291335037903	-3.3065	-3.2194	-2.3622	-3.4694	-3.7774	0.2185	-0.1057	-1.2971	-1.3232	-1.1213	0.7202	-1.2919	-2.3957	-0.9091	-0.5526
PERT-PSP_IL_2	0.354204409806585	0.0374910587785553	1	0.0455093429776974	NA	0.307035928143713	0.302457129823543	0.516487519754578	0.573917345445237	0.51120604326876	0.201358902717805	0.316656883348494	0.171319576217584	0.299094719441279	0.230191878417373	-2.1812	-3.2851	0.0076	-3.2681	NA	2.3287	2.3249	1.713	1.556	1.7371	2.675	2.2807	2.7721	2.3406	2.5325
PERT-PSP_IL_1B	0.569477420660349	0.224690571293425	1	NA	NA	1	1	1	1	0.94745446615632	0.739728692495819	1	1	0.949054824054824	0.951414875582455	-1.581	-2.5974	0.0567	NA	NA	-0.15	-0.0902	0.2143	0.116	0.5672	1.0651	0.1209	0.3889	0.5551	0.5393
PERT-PSP_IL_1A	0.558861705379715	0.225325408702036	1	NA	NA	0.812669979193735	0.74749654800719	0.678332104028272	0.693093111846625	0.48133510981003	0.363878331349025	0.696726848425085	0.655554738860787	0.595557534701713	0.679186868391845	-1.5921	-2.5722	0.0569	NA	NA	0.8929	1.056	1.2471	1.2016	1.8213	2.1064	1.179	1.3089	1.4716	1.2301
PERT-PSP_IGF_1	0.103452450146682	0.850717484595642	0.819977962770298	0.718934154609613	0.634935396285653	0.801134086092614	0.851401178657155	1	1	0.681680477349216	0.625810505792402	0.61719247769421	0.726707141582922	1	0.438811297717532	-3.3452	-0.779	-0.8682	-1.1161	-1.4084	0.8981	0.7729	0.1427	-0.0018	1.2205	1.4238	1.4388	-1.1035	0.0415	1.9257
PERT-PSP_HYDROXYUREA	0.277530523106255	0.243326432938422	0.958184315463004	0.922817722413369	NA	0.957551075268817	0.966619071757387	NA	0.745870101316219	0.592013284498934	0.0266865279741466	0.748217895765721	0.900975524843485	0.807172294506925	0.737482265314365	2.451	2.5499	0.538	0.6222	NA	0.5388	0.5073	NA	1.0597	1.4811	-3.2663	1.0628	0.6865	0.9181	1.0845
PERT-PSP_HGF	0.289260254392155	0.0771255446047121	0.971390807355487	0.0621206026475536	NA	0.642640653357532	0.568421750385509	0.655554738860787	0.821258637901751	0.726707141582922	0.195138570706893	0.454671135726478	0.339781106721038	0.389998919723267	0.419760732411279	-2.4728	-3.1928	-0.4885	-3.4019	NA	1.3669	1.553	1.3028	0.8626	1.1183	2.7267	1.9159	2.2201	2.0419	1.9859
PERT-PSP_H2O2	0.886843946596203	0.966587710808385	0.522848401669812	NA	0.132673198284579	1	1	0.912491547183313	0.881093103256584	0.912491547183313	0.693058277129476	0.917931377044169	0.98119843144115	1	1	0.7046	0.5176	-1.7336	NA	-2.8831	-0.13	-0.169	-0.6362	0.7152	0.6393	-1.1691	-0.6264	0.4687	0.3328	0.1334
PERT-PSP_GM_CSF	0.204803153878149	0.0343803939596326	1	0.009909375	NA	0.218723985215278	0.201358902717805	0.500473484848485	0.351087050297645	0.424937831564987	0.201358902717805	0.581401269494221	1	0.585498368141805	0.313542568486797	-2.7293	-3.6138	-0.0563	-4.0052	NA	2.613	2.7309	1.7478	2.1931	1.9673	2.6905	1.4982	0.1939	1.5115	2.2957
PERT-PSP_GENISTEIN	0.966619071757387	0.172945640924548	0.973297340787954	0.103452450146682	NA	0.523269877928448	0.184182224254098	0.539543860763723	0.205952314148008	0.210347929097929	0.0715905588962727	0.521218786911265	0.230191878417373	0.523269877928448	0.228090766123988	-0.5026	-2.7718	0.4934	-3.0629	NA	1.6931	2.7387	1.6397	2.6474	2.6323	3.0641	1.7387	2.5843	1.6798	2.6072
PERT-PSP_GEFITINIB	0.230191878417373	0.691823805869758	1	0.980523234163872	0.828840580134926	0.323416209782611	0.263170572732168	0.407554282267793	0.363878331349025	0.372367007885921	0.0455093429776974	0.210347929097929	0.246010380381235	0.339781106721038	0.277530523106255	2.5478	-1.2197	-0.3987	-0.4611	-0.8374	-2.2611	-2.5352	-2.0322	-2.1684	-2.0894	-3.2574	-2.6527	-2.5513	-2.1999	-2.5108
PERT-PSP_FORSKOLIN	0.313767845626636	0.103452450146682	0.680086668169795	0.0231870281337404	0.257965139712731	1	1	0.862785809049446	0.703408142783761	0.827626798380453	0.195138570706893	0.670454162973601	0.635777286595845	0.576820289922239	0.66960872064628	-2.2759	-3.0716	-1.2389	-3.9392	-2.5318	-0.2691	0.1648	0.7565	1.1708	0.8429	2.7872	1.2676	1.3961	1.5436	1.2802
PERT-PSP_FGF1	0.343893126943608	0.0402166193181818	1	0.0374910587785553	NA	0.307578037049598	0.295074775672981	0.506817711360397	0.57450689097199	0.499917980475761	0.195138570706893	0.329025443203435	0.165203242909642	0.295114760464356	0.247942660164789	-2.2001	-3.3723	0.0073	-3.2654	NA	2.3145	2.3637	1.7331	1.5415	1.7667	2.6742	2.2461	2.7885	2.3371	2.4862
PERT-PSP_EXERCISE	0.494542492920735	0.0641416310800215	0.828840580134926	1	NA	0.958504261980047	0.86771766998347	1	0.824469494090935	0.648388667842957	1	0.70506716093676	0.812669979193735	0.708113593382432	0.78672958297597	-1.7945	-3.4134	-0.8434	NaN	NA	0.5357	0.7443	NaN	0.8592	1.3387	NaN	1.1547	0.8848	1.1472	0.9529
PERT-PSP_ETOPOSIDE	1	1	0.51120604326876	0.748217895765721	0.218723985215278	1	1	1	1	0.763919821826281	0.531544245047079	0.685783895926262	0.664516542312243	0.527674556337069	0.759751852987322	-0.0106	0.322	-1.7163	-1.0673	-2.5795	0.2007	-0.2027	0.0846	0.2974	0.9951	-1.6983	1.2125	1.2785	1.7071	1.0261
PERT-PSP_EPO	0.538606718848169	0.218660992347298	1	0.134848586584301	NA	0.664516542312243	0.540574921970271	0.445933651416851	0.527674556337069	0.429426424395777	NA	0.361376931632231	0.353571692686582	0.362034040735093	0.366940196772591	-1.6607	-2.5721	0.3504	-2.8627	NA	1.2986	1.6472	1.9122	1.6866	1.9445	NA	2.1374	2.1545	2.1508	2.1422
PERT-PSP_EGF	0.0566816816816817	0.428794363149888	0.553599329274131	0.376168173905005	0.191166401839579	1	1	0.967462930444453	0.930924077795565	0.632204625249156	0.798055061598829	0.590213722904578	1	0.855660554805561	0.643353190737114	-3.7395	-1.9525	-1.5987	-2.0995	-2.9539	0.0339	-0.0157	-0.4837	-0.5756	1.4036	0.9133	1.4802	0.2929	0.7641	1.3248
PERT-PSP_CISPLATIN	0.822662694943962	0.538598243616469	0.904230300552399	0.009909375	NA	0.678332104028272	0.572668213778807	0.670454162973601	0.463079899711846	0.247921190614904	0.741441433056921	0.463491465170573	0.463079899711846	0.383566999062866	0.494542492920735	-0.8824	-1.6914	0.6419	-3.4578	NA	1.2658	1.5706	1.2697	1.8724	2.461	1.0595	1.8321	1.8745	2.0538	1.811
PERT-PSP_BACTERIAL_INFECTION	0.551617403228098	0.228090766123988	1	NA	NA	0.811517078940033	0.750688129171741	0.681680477349216	0.692068421207733	0.489840500824493	0.366940196772591	0.692068421207733	0.642640653357532	0.582775409662552	0.678332104028272	-1.6125	-2.5586	0.0577	NA	NA	0.888	1.0514	1.241	1.2046	1.8121	2.1148	1.1968	1.358	1.5077	1.2419
PERT-PSP_AZD8055	0.419760732411279	0.297464884804583	0.411788652920572	0.388611135574572	0.251336356043432	0.0930042938595462	0.135008478495452	0.196457106689223	0.283216210460792	0.477221392985122	0.0850452375966669	0.353829515101468	0.224213027123342	0.344105062820183	0.261367272727273	1.98	-2.3612	-1.9784	-2.0778	-2.4601	-3.0768	-2.8943	-2.6795	-2.4361	-1.8198	-3.0805	-2.1727	-2.6047	-2.1727	-2.453
PERT-PSP_ANTI_IGM	0.898121004406519	0.433950942753731	0.683031011836677	0.366940196772591	NA	0.411788652920572	0.339781106721038	0.642250279863697	0.0772395694333244	0.230191878417373	0.201358902717805	0.57450689097199	0.193088582225099	0.364288287655946	0.285809349206836	-0.6806	-1.9469	1.2188	-2.1204	NA	1.9823	2.2343	1.3664	3.1194	2.5621	2.7021	1.5349	2.7647	2.1587	2.459
PERT-PSP_ANTI_CD3	0.708216256193855	0.432774067214636	1	0.22737092494384	0.512740240586256	0.808662345142105	0.748217895765721	1	0.553599329274131	0.159916420986347	0.0929065602012634	0.135008478495452	0.375844494488562	0.48084802805006	0.210347929097929	-1.1157	-1.9212	0.3132	-2.6348	-1.7307	0.8859	1.0362	-0.2341	1.5987	3.0538	3.5036	3.1513	2.1292	1.8389	2.7755
PERT-PSP_ANISOMYCIN	0.334416705016107	0.0771255446047121	0.86771766998347	0.0315808343873557	NA	1	0.873406676108875	0.674133055105571	0.848003009712137	0.626105118628764	0.489840500824493	1	1	1	1	-2.2617	-3.1161	-0.7506	-3.3148	NA	0.0655	0.7293	1.2475	0.7807	1.451	1.7924	-0.0166	0.0949	0.3617	0.0183
PERT-PSP_AMINO_ACIDS	0.59812503328309	0.312635766264798	0.329171621086009	0.376168173905005	0.357362714685957	0.100978937667184	0.172220985868477	0.201358902717805	0.230191878417373	0.363878331349025	0.0641365180891465	0.313767845626636	0.230191878417373	0.502039770228995	0.302386725880718	-1.4737	2.2576	2.2345	2.0827	2.1615	3.2358	2.8594	2.6547	2.5822	2.1621	3.2984	2.2854	2.5807	1.7659	2.3787
PERT-PSP_AG1478	0.342163474507688	0.0266865279741466	1	0.0266865279741466	NA	0.313043503264015	0.302155776673477	0.51120604326876	0.582775409662552	0.51120604326876	0.201358902717805	0.305979237372729	0.165024019215372	0.305203934825073	0.238191406437789	2.2056	3.3309	-0.0075	3.2945	NA	-2.2931	-2.3429	-1.7434	-1.5401	-1.747	-2.7279	-2.3373	-2.7616	-2.3094	-2.5145
PERT-PSP_4_HT	1	0.664516542312243	1	0.637284022932184	NA	0.0991812628790109	0.0374910587785553	0.0402166193181818	0.0425780463242699	0.0315808343873557	0.686481294611851	0.059286858974359	0.0231870281337404	0.0402166193181818	0.0231870281337404	-0.0446	-1.2981	-0.2855	-1.3965	NA	2.9958	3.1935	3.1578	3.2073	3.3664	1.2215	3.2516	3.4022	3.2653	3.4598
PERT-P100-PRM_VORINOSTAT	0.950288252427055	1	0.906590585664577	0.661732229123533	0.841694688700677	0.89566329313945	0.643088644514219	0.41730204554988	0.832750930403862	0.730287941948433	0.909698775239987	0.838831778882157	0.661732229123533	0.548773570090942	0.639448843937926	-0.5275	0.3069	0.6348	1.2898	-0.7771	0.6472	1.3444	1.9729	0.8076	1.1012	0.6236	0.8008	1.2873	1.6154	1.3508
PERT-P100-PRM_VEMURAFENIB	NA	NA	NA	NA	NA	0.995015995233731	1	1	0.834930467499532	0.912491547183313	0.931638854918426	NA	NA	0.991034133241875	1	NA	NA	NA	NA	NA	-0.4259	0.1902	-0.1834	-0.8344	-0.6153	-0.5967	NA	NA	0.4324	0.0421
PERT-P100-PRM_TAXOL	NA	NA	NA	NA	NA	0.680685981739079	1	0.320217315567045	0.783994702954473	0.897084782692225	1	NA	1	0.670537137337706	1	NA	NA	NA	NA	NA	1.2325	0.3496	2.2785	-0.9722	-0.6894	0.2629	NA	0.2736	1.2908	0.0403
PERT-P100-PRM_STAUROSPORINE	0.798133574259366	0.739101341443355	0.877467307921618	0.808662345142105	0.739489115455477	0.930166586272723	0.907932595209322	0.741465600775194	1	1	0.958184315463004	1	1	1	0.912491547183313	0.9334	1.0706	-0.6934	0.8951	1.0568	0.5997	0.6413	1.0492	0.1105	-0.0582	0.5124	-0.3231	-0.0701	-0.1474	0.6412
PERT-P100-PRM_SP600125	0.572923102029398	0.531730810568767	0.642640653357532	0.549679750852039	0.641277192260118	0.362034040735093	0.357524791937145	0.341513061178333	0.877467307921618	1	0.987300007404594	0.824469494090935	0.539303296058423	0.708216256193855	0.533227718566147	1.565	1.7021	1.3533	1.6129	1.3554	2.1436	2.1754	2.2291	0.7124	0.3146	0.4439	0.8717	1.6541	1.1461	1.6718
PERT-P100-PRM_SEMAGACESTAT	0.379439599887677	1	0.693058277129476	0.679186868391845	0.877467307921618	0.458883369887756	0.411788652920572	0.65960409283472	0.681680477349216	0.830466292783009	1	0.572923102029398	0.462585375652873	0.499917980475761	0.652357610503336	-2.099	0.2657	1.1827	-1.2545	-0.7353	1.8882	1.9531	1.2974	1.2384	0.8237	0.2604	1.5419	1.8679	1.7612	1.3163
PERT-P100-PRM_SELUMETINIB	0.89566329313945	0.0641365180891465	0.90433227035856	1	0.103452450146682	0.499215642501014	0.523269877928448	0.0641365180891465	0.679186868391845	0.740933761421469	0.146151620739682	0.854517746365148	1	0.87030617588261	0.811517078940033	-0.6809	3.2597	-0.6586	NaN	3.1047	1.7912	1.691	3.2587	1.2259	1.0659	2.9954	0.7822	NaN	0.7414	0.8967
PERT-P100-PRM_SCH_900776	0.0474137028741287	0.0715905588962727	0.342163474507688	0.0425780463242699	0.447472608051149	0.218297025988739	0.263568902475574	0.175964408725603	0.463079899711846	0.470086962150965	0.463079899711846	0.45350693104424	0.376168173905005	0.464901954749924	0.294125387197253	3.4425	3.3284	2.2093	3.5402	1.9268	2.5894	2.4877	2.8459	1.8768	1.8641	1.8662	1.8714	2.0812	1.8408	2.3403
PERT-P100-PRM_SALERMIDE	1	1	1	1	1	0.4356210142727	0.7444349045185	0.832750930403862	0.463079899711846	0.539303296058423	0.763068221331046	1	0.812669979193735	0.793235063067643	0.654526024163839	NaN	NaN	NaN	NaN	NaN	-1.9303	-1.0718	-0.8081	-1.8835	-1.6612	-1.0126	NaN	-0.9027	-0.9435	-1.3244
PERT-P100-PRM_ROSCOVITINE	0.759994008246545	0.511440342133119	0.759751852987322	0.293404878184903	0.439119676347682	0.6240889960184	0.701954264268286	0.360851049056254	1	1	1	0.891877776377548	0.958805275749737	0.639448843937926	1	1.0287	1.7082	1.0145	2.3861	1.9399	1.4232	1.1695	2.1334	0.3187	0.2521	0.0072	0.7038	-0.5222	1.3929	0.2073
PERT-P100-PRM_PS-1145	0.864106847561249	0.94745446615632	0.958184315463004	0.906765321669552	0.366732623213699	0.700915945886006	0.958805275749737	1	1	1	0.954509345806959	1	1	0.999575974208018	1	-0.7497	-0.5605	-0.5513	-0.637	-2.1492	-1.1694	-0.5307	0.1602	-0.3967	-0.3245	-0.5441	-0.0214	-0.3447	0.4175	-0.0908
PERT-P100-PRM_NILOTINIB	0.105376664763674	0.41186645722458	0.98119843144115	0.0988849304971509	0.797971050516162	0.291838810641628	0.306401125510566	0.103452450146682	0.583965428869949	0.537661086951486	0.840669001202112	0.523802711481106	0.425367216258123	0.277530523106255	0.381446630650817	3.115	1.9766	0.4606	3.1144	0.9253	2.3879	2.3055	3.0437	1.5187	1.6626	0.8079	1.6997	1.9496	2.4491	2.0521
PERT-P100-PRM_METHYLSTAT	NA	NA	NA	NA	NA	0.904230300552399	0.765967107254566	0.600295431358457	1	1	0.806306319702602	NA	0.759751852987322	0.812669979193735	0.850717484595642	NA	NA	NA	NA	NA	0.6547	1.011	1.448	-0.2232	0.0679	0.9121	NA	1.0343	0.8873	0.7918
PERT-P100-PRM_LOSMAPIMOD	1	0.0715905588962727	1	0.218723985215278	0.135008478495452	0.230191878417373	0.434871320995994	0.103452450146682	0.529657954240818	0.575780278479337	0.12340989598698	0.641172535168822	0.989126203090136	0.708216256193855	0.639448843937926	-0.3101	3.3003	-0.3996	2.6227	3.0343	2.5641	1.9564	3.0876	1.6959	1.5551	3.0327	1.3875	-0.4493	1.1543	1.3861
PERT-P100-PRM_LENALIDOMIDE	0.307541843113531	0.957527040130286	0.489840500824493	0.759751852987322	0.89566329313945	0.975194627048611	0.924508731309278	1	0.69095151279283	0.797971050516162	0.956291335037903	1	1	1	0.980523234163872	-2.388	-0.5336	-1.7959	-1.0225	-0.6732	-0.4725	-0.5967	-0.1159	-1.1825	-0.9418	-0.5378	0.2385	0.2341	0.1277	-0.4612
PERT-P100-PRM_KN-93	0.735265638411969	0.900911362398693	0.971390807355487	0.828840580134926	0.763919821826281	0.79620107732551	0.984830900501823	1	0.562185550412558	0.692068421207733	0.725056186161508	0.958805275749737	0.582864053825302	0.877467307921618	0.661637918802182	-1.1003	-0.6689	-0.4758	-0.8586	-1.0032	0.9352	0.466	0.3902	1.5745	1.2115	1.1203	0.5324	1.5163	0.7285	1.3081
PERT-P100-PRM_IPI145	0.967462930444453	0.921584249830923	0.803429207232267	0.913053570572155	1	0.949455556615854	1	0.833258824265304	0.899749708030309	0.882335665695374	1	1	0.799601822038659	1	0.999575974208018	-0.4952	-0.6125	-0.9234	0.6302	0.0105	-0.5414	0.0386	0.8312	-0.6593	-0.7039	0.0695	-0.1232	-0.9309	0.2147	-0.3947
PERT-P100-PRM_ETOPOSIDE	NA	NA	NA	NA	NA	0.419760732411279	0.366733207419009	0.201358902717805	1	0.973297340787954	0.664516542312243	NA	0.735306115842376	0.547410815164801	0.688556927959042	NA	NA	NA	NA	NA	1.9861	2.1268	2.6575	0.3696	0.491	1.3124	NA	1.0929	1.6268	1.2087
PERT-P100-PRM_EPZ-5687	0.664516542312243	0.98336834106929	0.967462930444453	1	0.98623306753525	1	0.877467307921618	0.683031011836677	0.877467307921618	1	1	0.941073160258164	1	0.854517746365148	1	-1.2841	0.456	0.5148	0.2668	0.4444	0.1694	0.7139	1.2026	-0.72	-0.4055	0.2142	0.5843	0.2017	0.7805	-0.024
PERT-P100-PRM_DMSO	0.9309011713326	0.681680477349216	0.648388667842957	0.770062171498026	0.639448843937926	1	1	0.59363908567225	1	0.923686649047476	0.878747280384609	0.728139560082349	1	0.974606626201948	1	-0.5839	1.216	-1.3489	0.9646	1.3783	0.0112	0.1342	1.4895	-0.374	-0.5969	0.7122	-1.1017	-0.137	-0.4644	0.1389
PERT-P100-PRM_DECITABINE	1	1	1	1	1	1	0.833258824265304	0.764781742076938	0.980523234163872	1	1	1	1	0.86771766998347	1	NaN	NaN	NaN	NaN	NaN	-0.093	0.8281	1.0079	-0.4544	-0.2532	0.371	NaN	0.3693	0.7456	0.1876
PERT-P100-PRM_DACTOLISIB	0.812092568448501	0.0988849304971509	0.824900764993197	0.135008478495452	0.171319576217584	0.0741895699431471	0.0697680073926365	0.0566816816816817	0.323983187724837	0.377455349840324	0.342163474507688	0.297464884804583	0.811517078940033	0.178080520536804	0.344105062820183	0.8906	3.0652	0.8658	2.9914	2.8489	3.2797	3.2661	3.4687	2.2508	2.101	2.2245	2.3412	0.9014	2.7543	2.2169
PERT-P100-PRM_BMS-345541	0.850565898290701	0.941892330919028	0.363878331349025	0.794353898492508	0.812669979193735	0.98119843144115	0.995579378655157	1	1	1	1	1	0.876446351190653	1	1	-0.7822	-0.5653	-2.163	-0.9407	-0.8966	0.4481	0.4144	0.4073	0.0039	-0.0632	-0.165	-0.3019	0.7398	0.3716	0.3686
PERT-P100-PRM_ALPELISIB	0.688081345886623	0.730571347127257	1	1	0.707161407944036	1	0.533227718566147	0.98119843144115	0.575780278479337	0.590213722904578	1	0.642250279863697	0.566563700100042	0.82746355200206	0.540574921970271	1.2058	1.1145	-0.0349	0.2795	1.1458	0.0499	1.6639	0.4768	1.5417	1.5069	0.3978	1.369	1.5871	0.8536	1.6513
PERT-P100-DIA_VORINOSTAT	0.722468421222213	1	1	1	0.591833697162135	0.895294177198104	0.92855882838248	0.985658756337421	1	1	1	0.985153162857181	0.905383279433347	0.958805275749737	1	-1.1155	-0.3688	-0.1861	-0.1651	1.4842	0.6766	0.5945	0.459	-0.0239	-0.246	-0.2262	-0.4402	0.6447	0.5107	0.1165
PERT-P100-DIA_VANDETANIB	0.973297340787954	1	0.677139484556364	0.759751852987322	0.536432049760305	0.900911362398693	0.573917345445237	0.900975524843485	0.572923102029398	0.447472608051149	0.511702567511695	0.685938248302673	0.494542492920735	1	0.571482506342285	-0.4867	0.2309	-1.2644	1.0333	1.6616	0.6775	-1.5524	0.6603	-1.5573	-1.9047	-1.7364	-1.2059	-1.799	0.2248	-1.5583
PERT-P100-DIA_UNC-0646	0.447472608051149	1	0.805748790765355	1	0.923607300150802	1	1	0.762214196337163	1	1	1	1	1	0.823429635168559	1	-1.8789	0.038	-0.9287	0.1898	0.6081	-0.0036	0.3067	1.0109	0.1846	0.1844	-0.1093	0.2695	0.0908	0.8659	0.1798
PERT-P100-DIA_UNC-0321	0.230191878417373	0.395614014377225	0.297464884804583	0.572668213778807	1	0.334416705016107	0.230191878417373	0.540818711079052	0.301546684251169	0.362981945177876	0.389998919723267	0.376168173905005	0.191817405397247	0.639448843937926	0.195138570706893	-2.5869	-2.0236	-2.3236	-1.545	0.1332	-2.2528	-2.6138	-1.6273	-2.3349	-2.1715	-2.0592	-2.0791	-2.7129	-1.379	-2.7134
PERT-P100-DIA_TRICHOSTATIN_A	0.737230432402846	0.954509345806959	0.539303296058423	1	1	0.695343936210961	0.910411624735623	1	1	1	1	0.941892330919028	0.527674556337069	1	0.719132128375826	-1.0818	-0.5361	-1.6482	-0.4257	-0.1783	-1.1852	-0.6357	-0.2817	-0.0762	0.0117	-0.0399	-0.5702	-1.7004	0.086	-1.122
PERT-P100-DIA_STAUROSPORINE	0.391525691699605	0.508764465270228	0.9309011713326	0.387394744938284	0.561714261919578	0.116987045817641	0.390891979272776	0.378806722895437	0.445933651416851	0.654526024163839	0.701264772032824	0.634458356015242	0.344105062820183	0.376168173905005	0.366732623213699	2.0634	1.7475	0.5965	2.0651	1.6007	3.1465	2.0577	2.1057	1.9218	1.2964	1.151	1.3789	2.2506	2.1058	2.1434
PERT-P100-DIA_SEMAGACESTAT	0.763919821826281	1	0.648388667842957	0.956291335037903	0.691823805869758	0.546661303298471	0.552701118955994	0.498995165019971	0.716108737240095	0.824469494090935	0.786824165398635	0.643088644514219	0.527851898411969	0.503396777906733	0.596369081900846	-0.9975	-0.1573	-1.3415	-0.527	-1.192	1.6409	1.6096	1.7985	1.1392	0.8647	0.9552	1.3393	1.6961	1.7666	1.4608
PERT-P100-DIA_RUXOLITINIB	0.913067871476406	0.986403749645411	1	0.22737092494384	1	0.94745446615632	0.833989287396884	0.970889125693477	0.639222207094044	0.49903781793842	0.508764465270228	1	0.9493023822832	1	0.929445122108553	-0.6246	0.4538	-0.3375	-2.5415	-0.268	0.5621	-0.8324	0.469	-1.3779	-1.7979	-1.7803	0.1691	-0.5585	-0.0402	-0.5983
PERT-P100-DIA_RESVERATROL	1	0.803623595674467	1	0.870527408754347	0.218723985215278	0.840669001202112	0.828840580134926	0.86771766998347	0.73490654457426	0.729970986920333	0.635142207924837	0.812669979193735	1	0.692491758605771	0.962010335969679	-0.3322	0.9185	0.0497	0.7331	2.5688	0.7948	0.8392	0.7561	1.0774	1.1076	1.3928	0.8891	0.3125	1.1891	0.5026
PERT-P100-DIA_PRI-724	0.71151930107704	0.797109523412738	0.79620107732551	0.958805275749737	0.838024555978243	1	0.909698775239987	1	1	1	1	1	1	1	1	-1.1524	-0.9373	0.9283	-0.5238	-0.8119	0.3223	-0.6377	-0.2265	-0.1039	-0.1435	-0.0895	-0.0986	-0.082	0.0329	-0.3122
PERT-P100-DIA_NILOTINIB	NA	NA	NA	NA	NA	0.416437645340457	0.376108536184811	0.195138570706893	1	0.971390807355487	0.652357610503336	NA	0.735336608191245	0.54898889730996	0.700915945886006	NA	NA	NA	NA	NA	1.9612	2.1107	2.662	0.368	0.4975	1.3299	NA	1.0986	1.6314	1.1855
PERT-P100-DIA_MS-275	0.762214196337163	0.962010335969679	0.717019524859068	1	0.655554738860787	0.905742156625162	0.781427327337767	1	0.89157942933656	1	0.763068221331046	0.992209533009185	0.864994871285818	1	1	-1.0058	0.5104	-1.0973	0.0651	1.3159	0.642	0.9575	0.1875	0.6612	0.3322	1.0014	0.4303	-0.7411	0.0739	-0.1448
PERT-P100-DIA_MOMELOTINIB	NA	NA	NA	NA	NA	0.42139105624539	0.366732623213699	0.218660992347298	1	0.975194627048611	0.654526024163839	NA	0.731541610347463	0.555324514714218	0.70982824306707	NA	NA	NA	NA	NA	1.9806	2.1404	2.6209	0.3715	0.4846	1.3325	NA	1.0937	1.6082	1.1536
PERT-P100-DIA_METHYLSTAT	0.850565898290701	0.966619071757387	0.823429635168559	0.958805275749737	0.683031011836677	0.838831778882157	0.661637918802182	0.986403749645411	0.838024555978243	1	0.652357610503336	0.834930467499532	0.558895876058869	1	0.678883093342698	-0.7812	-0.507	0.8676	-0.5342	1.2057	0.8113	1.2921	-0.4608	0.8105	0.2734	1.3468	0.8464	1.5811	0.2468	1.2483
PERT-P100-DIA_LY-294002	0.850565898290701	0.580429582368405	1	0.832750930403862	0.154827072452123	0.549679750852039	0.849469664315438	0.951414875582455	0.877467307921618	1	1	1	1	0.963333315478805	0.936203786760805	-0.7816	1.5259	-0.0563	0.8046	3.0222	1.6237	0.7688	0.5506	0.6946	0.3028	0.3425	-0.0607	0.2772	0.5204	0.5739
PERT-P100-DIA_LENALIDOMIDE	0.0315808343873557	0.0455093429776974	0.360861809122505	0.0566816816816817	0.0474137028741287	0.39020532532085	0.307541843113531	0.389998919723267	0.494542492920735	0.523802711481106	0.392115203021719	0.555324514714218	0.734667969598892	0.667336279630374	0.590213722904578	-3.523	-3.4034	-2.1216	-3.3531	-3.3725	-2.0342	-2.3483	-2.0212	-1.7898	-1.7126	-2.0581	-1.6282	-1.0755	-1.2775	-1.5032
PERT-P100-DIA_GSK-J4	0.950288252427055	0.727061865873384	0.910831898056334	0.700915945886006	0.193088582225099	0.789719970948734	0.756316963406889	0.815968619246862	0.855660554805561	0.950288252427055	0.958184315463004	0.995579378655157	1	0.910831898056334	1	-0.5531	1.1065	0.6192	1.1725	2.7772	0.9315	1.0259	0.8928	0.7565	0.553	0.5284	0.4216	0.2102	0.6306	0.3536
PERT-P100-DIA_GELDANAMYCIN	0.163826840992195	0.735336608191245	0.511440342133119	0.828840580134926	0.848003009712137	0.748275862068965	0.770062171498026	1	0.661732229123533	0.635124696089967	0.691823805869758	0.766730003826466	0.628814554776333	1	0.700915945886006	-2.8632	-1.1055	-1.735	-0.8541	0.8035	-1.0588	-0.9856	-0.1683	-1.299	-1.3952	-1.1849	-0.9929	-1.4068	-0.3484	-1.1756
PERT-P100-DIA_EX527	0.523802711481106	0.642250279863697	0.686481294611851	0.526307657771181	1	1	1	0.661637918802182	1	0.908462550914713	0.971288041154427	1	1	0.89566329313945	0.998260584915174	-1.7178	-1.3648	-1.2111	-1.6968	0.1739	-0.335	0.2008	-1.2947	-0.2766	-0.6493	0.4826	-0.0038	-0.3614	-0.6843	-0.3995
PERT-P100-DIA_EPZ-5687	0.877467307921618	0.855805053035726	1	0.681530990555569	1	1	0.94745446615632	0.641628168401204	0.974606626201948	1	0.832750930403862	0.992071013409986	0.858783198404901	1	0.98623306753525	-0.6973	-0.7576	-0.0204	-1.2331	0.2022	-0.139	0.567	-1.3667	0.4741	0.0895	0.828	0.4248	0.7521	-0.3518	0.4446
PERT-P100-DIA_EPZ-5676	1	1	0.752701154859516	0.933440074499423	0.766362924311379	0.639448843937926	0.762214196337163	0.823486682347685	0.760316230062676	0.958805275749737	0.762214196337163	0.866755967050463	1	0.831384822493999	0.762214196337163	0.407	-0.1471	-1.0411	0.5861	0.9859	1.3805	1.0055	0.8624	1.0135	0.5336	1.01	0.7609	NaN	0.8434	1.0031
PERT-P100-DIA_DMSO	0.642640653357532	0.871603981398385	0.948423276921978	1	0.510034087080755	1	1	0.857757233559414	1	0.995579378655157	0.805748790765355	1	1	1	1	-1.3632	0.7353	-0.5641	0.3794	1.7341	0.2851	0.1642	0.7584	0.237	-0.4212	0.8965	-0.3926	0.1723	-0.3493	0.0771
PERT-P100-DIA_DEXAMETHASONE	0.812669979193735	0.631569346958804	0.388611135574572	0.376168173905005	0.664516542312243	0.159916420986347	0.312635766264798	0.139605529629304	0.344105062820183	0.495965079283405	0.706693251897533	0.366732623213699	0.551197260270557	0.185790277071095	0.449896375736409	0.8909	1.4131	2.0423	2.1101	1.2763	2.9044	2.3168	2.9438	2.1969	1.7755	1.1736	2.1333	1.62	2.7628	1.908
PERT-P100-DIA_CPI-169	1	0.57450689097199	0.878964871060717	0.595557534701713	0.241598440042356	0.70471175982987	0.543902118510091	0.581462253799309	0.635124696089967	0.714062268927301	0.71245044325753	0.841641393541926	0.974606626201948	0.711048328659629	0.782105860649922	0.0987	1.549	0.7051	1.4894	2.5875	1.151	1.634	1.5303	1.401	1.1322	1.1363	0.7899	0.4708	1.1199	0.956
PERT-P100-DIA_CHIR99021	0.691869036507786	0.45686288313326	0.670537137337706	0.307128357076075	0.201358902717805	0.0566816816816817	0.353308792570404	0.264773242359902	0.283216210460792	0.555324514714218	1	0.30468100765091	0.328414008780842	0.201358902717805	0.305059173299298	1.1928	1.8824	1.2632	2.2915	2.7507	3.6396	2.1643	2.4615	2.4573	1.6241	0.3728	2.3876	2.2883	2.84	2.3674
PERT-P100-DIA_CC-401	0.904230300552399	0.992071013409986	0.877467307921618	0.906724322053185	0.838831778882157	0.778049296224187	0.86771766998347	1	0.692275624205607	0.7075091429597	0.98119843144115	0.735336608191245	0.958805275749737	0.766969195206322	0.967462930444453	-0.662	-0.4256	0.7133	-0.6349	-0.8169	-0.9641	-0.7345	-0.1051	-1.1841	-1.1624	-0.4557	-1.0971	-0.5119	-0.9878	-0.4913
PERT-P100-DIA_CALYCULIN_A	0.201358902717805	0.295150455276898	0.86771766998347	0.289260254392155	0.257260438476123	0.68141147575374	0.831948595670199	0.877467307921618	1	1	0.82819103321056	1	0.997628299173331	1	1	2.6716	2.4031	0.7335	2.3978	2.4576	1.2392	0.8412	0.7119	0.1858	0.3462	0.8473	0.1824	-0.4164	-0.0912	-0.1079
PERT-P100-DIA_C646_(CHEMBL1797936)	0.523269877928448	0.642250279863697	0.904914888199402	0.670537137337706	0.595557534701713	0.678332104028272	0.959361406130311	0.759751852987322	0.959361406130311	0.828996524055485	1	0.837236460517501	0.570190184664793	0.910880746366211	0.664516542312243	1.7174	1.3516	-0.6572	1.2768	1.4701	1.2458	0.5182	1.0293	0.5265	0.8521	0.1291	0.8146	1.5669	0.6304	1.2868
PERT-P100-DIA_BMS-345541	1	1	1	1	1	0.528605721144229	0.550999612309691	0.773529968194474	0.21686170212766	0.305203934825073	0.350601852255964	1	0.596369081900846	0.766730003826466	0.416348222104622	NaN	NaN	NaN	NaN	NaN	-1.6758	-1.6236	-0.9851	-2.615	-2.3027	-2.1762	NaN	-1.4682	-0.9868	-1.9962
PERT-P100-DIA_BIX-01338	0.827302808580942	0.824469494090935	1	0.641258893499328	0.619177083200061	0.850838458409113	0.98119843144115	0.764764640769875	1	0.997628299173331	1	1	1	0.823429635168559	0.931101256643236	-0.8442	0.8643	0.131	1.3802	1.4347	0.7816	0.4627	1.0049	0.2416	0.4106	0.2067	0.2653	0.3496	0.8713	0.6006
PERT-P100-DIA_BELINOSTAT	0.85608987548462	0.830514960315965	0.866755967050463	0.640099153801434	0.318070113847234	0.87948962640326	1	1	1	1	1	0.737361825176984	1	1	1	-0.7576	0.8186	-0.7518	1.3584	2.3084	0.7088	0.0521	0.3908	-0.1729	0.019	0.2555	-1.066	-0.3015	-0.229	-0.258
PERT-P100-DIA_BAFILOMYCIN_A1	0.992071013409986	0.992089828677265	0.595557534701713	1	1	0.289260254392155	0.295623625794404	0.654371444316886	0.329025443203435	0.600250356197842	0.533227718566147	0.253123129115945	0.116987045817641	0.364288287655946	0.201358902717805	0.4383	-0.4125	1.4967	0.1481	0.1676	2.3746	2.3667	1.3157	2.2534	1.4744	1.68	2.4798	2.9321	2.1333	2.6652
PERT-P100-DIA_AR_A014418	0.978163817079502	0.997628299173331	0.679186868391845	1	0.888820500372766	1	1	1	1	1	0.943287042890304	1	1	1	1	0.4554	0.416	1.2525	0.1138	0.6988	-0.3739	0.2759	-0.1413	0.0627	0.2925	0.5685	0.1463	-0.1785	-0.1183	-0.0249
PATH-WP_Ras_Signaling	NA	NA	NA	NA	NA	0.643088644514219	0.652357610503336	0.540723737170457	0.642640653357532	0.0533428284652091	0.531616289698186	0.0266865279741466	0.582775409662552	0.499215642501014	0.009909375	NA	NA	NA	NA	NA	1.3547	1.3406	1.6587	1.3661	3.4055	1.6746	3.7258	1.5286	1.7722	3.8294
PATH-WP_PI3K-Akt_Signaling_Pathway	0.361376931632231	0.746180555273671	0.679186868391845	0.963333315478805	0.7444349045185	1	0.988112121183848	1	1	0.681680477349216	0.490037377893646	1	0.693058277129476	0.73490654457426	0.746098654268675	-2.1424	-1.0641	-1.2573	0.5159	-1.0932	-0.2623	0.4342	-0.06	0.2461	1.2388	1.803	-0.0417	-1.2024	-1.0984	1.0647
PATH-WP_Pancreatic_adenocarcinoma_pathway	NA	NA	NA	NA	NA	0.642250279863697	0.652357610503336	0.540723737170457	0.643353190737114	0.0505571563574381	0.526954748960665	0.0374910587785553	0.585481444140258	0.498995165019971	0.0146123645211236	NA	NA	NA	NA	NA	1.3479	1.3306	1.6373	1.3684	3.3579	1.6798	3.6859	1.5073	1.7797	3.7771
PATH-WP_Non-small_cell_lung_cancer	0.82819103321056	0.489840500824493	1	NA	NA	0.455279570532597	0.342163474507688	0.447116514437011	0.411788652920572	0.0474137028741287	0.316656883348494	0.0266865279741466	0.392115203021719	0.366940196772591	0.0315808343873557	-0.8445	-1.7986	-0.2676	NA	NA	1.908	2.2155	1.9106	2.0204	3.676	2.3337	3.9973	2.0212	2.1125	3.9441
PATH-WP_MAPK_Signaling_Pathway	NA	NA	NA	NA	NA	0.644839090536555	0.654526024163839	0.531616289698186	0.639448843937926	0.0455093429776974	0.523269877928448	0.0266865279741466	0.590224202309925	0.48084802805006	0.009909375	NA	NA	NA	NA	NA	1.3607	1.3249	1.6794	1.3829	3.4427	1.7111	3.6601	1.4816	1.8264	3.8139
PATH-WP_Endometrial_cancer	NA	NA	NA	NA	NA	0.643088644514219	0.654526024163839	0.538598243616469	0.640854421160767	0.0425780463242699	0.538598243616469	0.0231870281337404	0.590213722904578	0.503396777906733	0.009909375	NA	NA	NA	NA	NA	1.3476	1.3195	1.6366	1.3665	3.466	1.6559	3.6138	1.4956	1.7647	3.7939
PATH-WP_Chromosomal_and_microsatellite_instability_in_colorectal_cancer	1	0.914772971000565	0.292951818823379	0.344709260588658	NA	0.289260254392155	0.482874851837219	0.407554282267793	0.493479411123907	0.230191878417373	0.655245030667296	0.0315808343873557	0.306861819914601	0.254267687720925	0.103452450146682	0.1015	-0.6263	2.4075	-2.2041	NA	2.3914	1.8153	1.989	1.813	2.627	1.309	3.7145	2.3617	2.5693	3.1612
PATH-WP_Breast_cancer_pathway	NA	NA	NA	NA	NA	0.639448843937926	0.642250279863697	0.540574921970271	0.642640653357532	0.0545747907837274	0.533227718566147	0.0343803939596326	0.595557534701713	0.489840500824493	0.009909375	NA	NA	NA	NA	NA	1.3747	1.3615	1.6598	1.365	3.4278	1.6799	3.6254	1.4894	1.8031	3.8576
PATH-WP_Bladder_Cancer	NA	NA	NA	NA	NA	0.648388667842957	0.648388667842957	0.538295110817797	0.643088644514219	0.0587433573984291	0.536859920941433	0.0231870281337404	0.596960899614365	0.47552543301157	0.009909375	NA	NA	NA	NA	NA	1.3371	1.3372	1.6668	1.365	3.4162	1.6628	3.6946	1.4842	1.8227	3.8361
PATH-NP_TWEAK_PATHWAY	0.767606790883656	0.522848401669812	0.975194627048611	0.235146579680335	NA	0.949494987734335	0.708216256193855	0.747164981715754	0.840669001202112	0.562185550412558	0.345288414422838	0.654526024163839	0.756890679074979	0.711048328659629	0.811517078940033	-0.9955	-1.708	0.4816	-2.5131	NA	0.5744	1.1437	1.0425	0.8177	1.5734	2.1981	1.3142	1.026	1.1598	0.893
PATH-NP_TSLP_PATHWAY	0.185790277071095	0.0402166193181818	0.118531685436152	0.0787295518237709	0.201358902717805	0.956291335037903	0.400271524665301	0.111577541616648	0.316656883348494	0.549679750852039	0.931638854918426	0.41735074618189	0.748217895765721	0.692068421207733	0.400675444241096	-2.9472	-3.9633	-3.2264	-3.4807	-2.7812	-0.5052	-2.0276	-3.2006	-2.3744	-1.6158	-0.5831	-1.9965	-1.0442	-1.1771	-2.0133
PATH-NP_TIE2_PATHWAY	NA	NA	NA	NA	NA	0.153702793076318	0.111314490893043	0.297034535459857	0.107619117920314	0.218660992347298	0.296542712066906	0.42882430541675	0.289260254392155	0.397233841546743	0.362981945177876	NA	NA	NA	NA	NA	-2.7496	-3.0052	-2.3672	-2.9688	-2.6026	-2.3613	-1.9525	-2.4063	-2.0085	-2.149
PATH-NP_T_CELL_RECEPTOR_PATHWAY	0.439437010084356	0.189876178867005	0.91877093272775	0.68141147575374	0.625721615839286	1	1	0.859523532733741	1	0.731601832292642	0.784580725255454	0.500351350513473	0.86771766998347	0.478732111863319	0.526954748960665	-1.9314	-2.8403	-0.6155	-1.2351	-1.4172	0.2128	0.0766	0.7607	0.0062	1.1048	0.9522	1.7631	0.7378	1.8154	1.6847
PATH-NP_PROLACTIN_PATHWAY	0.72885039014456	0.284995881015267	0.889490489412383	0.321502322051374	0.950288252427055	0.538598243616469	0.432774067214636	0.172220985868477	0.366733207419009	0.48797316889968	0.297034535459857	0.411788652920572	0.392865040425679	0.36117794845791	0.355451327433628	1.1281	2.4296	-0.6913	2.2536	-0.5322	-1.6968	-1.9265	-2.6908	-2.1339	-1.8375	-2.3267	-2.0241	-2.0215	-2.1441	-2.1599
PATH-NP_OXYTOCIN_PATHWAY	0.562185550412558	0.221503833724831	1	NA	NA	1	1	0.855805053035726	0.995579378655157	0.220633938925396	0.661732229123533	0.268743713020681	0.950288252427055	0.742497094712376	0.22737092494384	-1.5932	-2.6039	0.0572	NA	NA	0.36	0.3021	0.7674	0.4161	2.6392	1.2858	2.4672	0.5524	1.0615	2.5672
PATH-NP_NOTCH_PATHWAY	0.290037155992191	0.0641365180891465	0.87948962640326	0.0474137028741287	NA	0.950288252427055	1	1	1	0.430634892317402	0.626630000386998	0.325156946188291	0.840669001202112	0.7444349045185	0.28887035925776	-2.4163	-3.289	-0.7196	-3.2637	NA	0.5473	0.3724	0.3942	-0.1418	1.9625	1.4213	2.3237	0.8	1.0635	2.4321
PATH-NP_LEPTIN_PATHWAY	0.223131917140386	0.0641365180891465	0.725387712085098	0.0566816816816817	0.18395753487369	0.905057641180625	0.850717484595642	0.992575347150031	0.714062268927301	0.883683584970369	0.878964871060717	0.650816670541734	1	1	0.551617403228098	-2.6218	-3.3339	-1.1126	-3.3841	-2.7521	-0.6454	-0.7697	-0.4107	-1.1342	0.6989	0.707	1.3103	0.046	0.371	1.6158
PATH-NP_KIT_RECEPTOR_PATHWAY	0.372367007885921	0.276250419603894	1	0.0964274005407126	0.681680477349216	0.642250279863697	0.642640653357532	1	0.785318227295277	0.79620107732551	0.558861705379715	0.593849529471163	0.432774067214636	0.56176245155319	0.541127632160961	-2.1345	-2.4815	0.2407	-3.2516	-1.2334	1.3607	1.3549	0.3168	0.9393	0.944	1.599	1.4769	1.9209	1.5853	1.6484
PATH-NP_IL33_PATHWAY	0.302457129823543	0.850717484595642	0.692491758605771	0.797109523412738	0.966619071757387	0.261367272727273	0.291988950276243	0.595557534701713	0.357362714685957	0.103452450146682	0.326797343142735	0.0315808343873557	0.283216210460792	0.225127616088678	0.0505571563574381	-2.4007	-0.7577	1.1692	-0.9219	0.5028	2.4932	2.3968	1.4814	2.2135	3.3307	2.2979	3.739	2.5043	2.6953	3.834
PATH-NP_IL11_PATHWAY	0.0146123645211236	0.289260254392155	1	0.142638450756136	0.570190184664793	0.0509393126894836	0.0374910587785553	0.334499193712609	0.263170572732168	0.328414008780842	0.0343803939596326	0.218723985215278	0.43099173553719	0.24721971263867	0.0840109560900454	-4.0989	-2.4294	-0.0056	-3.0821	-1.5515	3.7308	3.7121	2.2483	2.5306	2.2581	3.711	2.6715	1.9452	2.5836	3.3775
PATH-NP_GLP1_PATHWAY	0.766969195206322	0.49903781793842	0.689943608312105	0.681930971507219	0.703338312793062	0.472675616199149	0.535434476647206	1	0.320217315567045	0.928190538465804	0.580348618209413	0.395398859066679	0.113523857877933	0.320180681862563	0.102009022125163	-0.9666	1.7651	1.1799	-1.2233	1.1709	1.8308	1.6797	-0.023	2.2798	0.5911	1.5298	2.0541	3.2056	2.3449	3.2655
PATH-NP_GASTRIN_PATHWAY	0.570190184664793	0.218660992347298	NA	0.484315413668098	0.538295110817797	0.206695650734396	0.257965139712731	0.291224415886895	0.224690571293425	0.893434542586751	0.203836209024487	0.101719381535895	0.135008478495452	0.156437013943609	0.103452450146682	-1.5745	2.6236	NA	1.7997	1.6677	2.6888	2.4854	2.368	2.5504	0.6913	2.6806	2.9612	2.8854	2.7848	3.0728
PATH-NP_FGF1_PATHWAY	1	0.958057830183953	0.79620107732551	0.639222207094044	NA	0.39823202800022	0.439437010084356	NA	0.490080211395972	0.481365869187473	1	0.570190184664793	0.879982720740848	0.530982111639247	0.444936988437053	0.3142	0.5425	0.9466	-1.3966	NA	2.0129	1.9254	NA	1.7919	1.8266	0.0919	1.5564	0.7202	1.6738	1.9323
PATH-NP_EGFR1_PATHWAY	1	0.805964510029774	0.676717160505991	0.450474964069532	0.870527408754347	0.342163474507688	0.185790277071095	0.648922972485628	0.196166630254986	0.0402166193181818	0.173751408525155	0.0641365180891465	0.12340989598698	0.392865040425679	0.0425780463242699	-0.2333	-0.9034	1.239	-1.9148	-0.731	2.2371	2.8869	1.3266	2.9228	3.9217	2.9204	3.621	3.1331	2.056	3.9062
PATH-NP_CRH_PATHWAY	0.561291870214296	0.226608086093696	0.833258824265304	0.0266865279741466	NA	1	1	0.956291335037903	1	0.891877776377548	0.363878331349025	1	1	0.840669001202112	1	-1.5922	-2.5968	-0.8236	-3.3093	NA	-0.2917	-0.0748	0.524	0.1707	0.6778	2.1497	0.3507	0.4047	0.8118	0.26
PATH-NP_CCR7_PATHWAY	0.430715090875324	0.829440330560987	0.905383279433347	0.203779733555008	0.60204848974045	0.654526024163839	0.655554738860787	0.700915945886006	0.881093103256584	0.733863796090599	0.824469494090935	0.160661944685032	0.626630000386998	0.49462866124224	0.142795023451583	-1.92	0.8435	0.6361	2.6963	1.4555	1.308	1.2963	1.1652	0.6991	1.1024	0.8424	2.9745	1.4072	1.8275	3.089
PATH-NP_B_CELL_RECEPTOR_PATHWAY	1	1	0.7444349045185	0.134848586584301	0.799816358673371	0.834930467499532	0.898121004406519	0.910880746366211	0.601151525995604	0.760316230062676	0.533227718566147	1	0.661732229123533	0.230191878417373	0.511702567511695	0.2587	0.2828	1.0485	2.8968	0.9068	0.8191	0.676	0.631	1.4802	-1.0245	1.6639	0.1809	1.2805	2.6216	1.7162
PATH-NP_AGE_RAGE_PATHWAY	0.573998745328286	0.22737092494384	1	NA	NA	0.821258637901751	0.748217895765721	0.682141328768589	0.683031011836677	0.48084802805006	0.375844494488562	0.69095151279283	0.661732229123533	0.595557534701713	0.679186868391845	-1.5683	-2.5724	0.0575	NA	NA	0.8897	1.0533	1.2319	1.2228	1.8211	2.109	1.196	1.3075	1.491	1.2426
KINASE-PSP_TBK1	0.674133055105571	0.873384683810448	0.861952301090052	0.652357610503336	0.750289852810769	0.153702793076318	0.228090766123988	0.494973369579952	0.361954734030351	0.575780278479337	0.244881219240354	0.625721615839286	1	0.596369081900846	0.44096430437477	-1.2638	-0.74	0.7651	-1.3239	-1.0573	2.8881	2.6269	1.7922	2.164	1.5595	2.5117	1.4024	-0.0214	1.4634	1.9262
KINASE-PSP_SRPK1	0.009909375	0.009909375	0.600023983359379	0.0231870281337404	0.342163474507688	0.0641365180891465	0.361954734030351	0.833258824265304	0.297464884804583	0.44096430437477	0.210725677830941	0.0566816816816817	0.0374910587785553	0.905383279433347	1	3.9489	3.8498	-1.4749	3.6626	2.2045	3.3284	2.1693	-0.8146	2.3729	1.9061	2.6657	3.3986	3.5645	0.6385	-0.0154
KINASE-PSP_Src/SRC	0.871603981398385	0.686481294611851	1	0.905192103922799	NA	0.642640653357532	0.445933651416851	NA	0.454019114441883	0.595557534701713	0.9493023822832	0.678332104028272	0.966619071757387	0.873780139459652	0.555324514714218	0.7447	1.2089	-0.0085	-0.6488	NA	1.3672	1.8923	NA	1.8877	1.4796	-0.5619	1.2548	0.5203	0.731	1.6111
KINASE-PSP_SGK1	1	1	NA	1	1	1	0.962010335969679	1	1	1	1	1	1	0.906765321669552	1	0.1817	0.1444	NA	0.2534	0.0999	0.3961	0.5342	0.1312	0.2076	-0.079	0.1257	-0.1804	-0.167	-0.6543	0.0726
KINASE-PSP_RSK2/RPS6KA3	0.0840109560900454	1	0.558895876058869	0.549679750852039	0.463079899711846	1	1	0.906765321669552	1	1	0.298902675177508	0.639448843937926	0.294125387197253	0.635124696089967	0.39614675138348	-3.3119	-0.3613	-1.589	-1.6379	-1.8548	0.0762	-0.1217	-0.6443	0.139	0.2665	2.3629	1.3782	2.4076	1.4033	2.0268
KINASE-PSP_Ret/RET	NA	NA	NA	NA	NA	0.764781742076938	0.74749654800719	0.82746355200206	0.694785619711838	0.538295110817797	0.396113790232638	0.796631640235775	0.760316230062676	0.812669979193735	0.828840580134926	NA	NA	NA	NA	NA	1.0042	1.0647	0.8888	1.1844	1.6767	2.0337	0.9422	1.0168	0.8937	0.8683
KINASE-PSP_RAF1	NA	NA	NA	NA	NA	0.564650475565494	0.51120604326876	0.596369081900846	0.526307657771181	0.82819103321056	0.811517078940033	0.797109523412738	0.644839090536555	0.678332104028272	0.643846536221768	NA	NA	NA	NA	NA	-1.5739	-1.7337	-1.4816	-1.6898	0.8489	-0.9056	0.9322	-1.3498	-1.2412	1.3602
KINASE-PSP_PRKD1	0.812669979193735	0.958805275749737	0.486908786652217	0.549124649468757	0.685938248302673	0.357362714685957	0.381421004811366	0.12340989598698	0.59363908567225	0.377646564734426	0.549679750852039	0.297034535459857	0.635958254017794	0.419760732411279	0.531730810568767	-0.886	-0.5368	-1.8108	-1.6287	-1.2252	-2.1698	-2.0535	-3.021	-1.4832	-2.081	-1.6367	-2.3468	-1.3873	-1.9831	-1.6914
KINASE-PSP_PLK3	NA	NA	NA	NA	NA	NA	0.243326432938422	NA	0.201358902717805	0.158125444013334	0.305979237372729	0.305203934825073	0.366940196772591	0.913714965693597	0.572923102029398	NA	NA	NA	NA	NA	NA	-2.5366	NA	-2.7269	-2.8296	-2.3251	-2.3435	-2.1261	-0.619	-1.5635
KINASE-PSP_PLK1	1	0.59363908567225	0.86771766998347	0.626105118628764	0.877467307921618	0.642250279863697	0.568421750385509	0.556657216539737	0.650761368064297	1	0.664516542312243	0.763919821826281	1	0.533227718566147	1	0.143	-1.4924	0.7287	-1.4367	-0.7011	-1.3477	-1.5805	-1.5876	-1.3235	0.3804	1.2803	-0.9819	-0.2948	-1.6483	0.1068
KINASE-PSP_PKG1/PRKG1	NA	0.264773242359902	NA	NA	0.163826840992195	0.339781106721038	0.411788652920572	0.212483297562486	0.905192103922799	0.538107398581154	0.677139484556364	0.302155776673477	0.297034535459857	0.312635766264798	0.533227718566147	NA	-2.5123	NA	NA	-2.7369	-2.238	-1.962	-2.6432	-0.6575	-1.6709	-1.2496	-2.3639	-2.371	-2.2734	-1.7187
KINASE-PSP_PKCH/PRKCH	0.797971050516162	0.850721427457706	1	0.531730810568767	0.31756586604232	0.903832701594476	1	NA	0.590455750416099	0.834536729560818	0.484820767571859	0.959772163063252	0.538295110817797	0.739101341443355	0.73490654457426	-0.9263	-0.7805	-0.2533	-1.6943	-2.2581	0.6667	-0.1004	NA	1.5167	0.825	1.8263	0.5304	1.6713	1.0851	1.0872
KINASE-PSP_PKCE/PRKCE	0.497051470712199	NA	0.570000024714119	0.367627944760357	NA	0.828840580134926	0.655554738860787	0.292951818823379	1	0.376108536184811	0.877467307921618	0.634660762757227	0.903832701594476	0.638142844515159	1	-1.7954	NA	-1.5802	-2.1309	NA	-0.8582	-1.3241	-2.41	-0.1851	-2.0366	0.7078	-1.4114	0.661	-1.3849	0.3337
KINASE-PSP_PKCD/PRKCD	0.210347929097929	1	0.828840580134926	0.736919944309085	0.596970235423691	0.897084782692225	0.974764299749428	0.971390807355487	0.711048328659629	1	0.170608034958565	0.566563700100042	0.226608086093696	0.357362714685957	0.326362477945501	-2.7067	0.1439	-0.8405	-1.0833	-1.4682	0.6782	0.4782	-0.4767	1.1383	0.1651	2.891	1.5993	2.6612	2.1609	2.218
KINASE-PSP_PKCB/PRKCB	0.905192103922799	0.648922972485628	0.590213722904578	0.79620107732551	0.679643817859429	0.570948702001518	0.552701118955994	0.538044975408667	0.635020270031132	0.657496536178837	NA	NA	0.989461137988182	NA	0.79620107732551	0.6418	1.3186	1.4992	0.9421	1.2468	1.5365	1.616	1.6567	1.4118	1.3015	NA	NA	-0.4482	NA	-0.9456
KINASE-PSP_PKCA/PRKCA	0.304720430010539	0.421917755424519	0.639222207094044	0.546661303298471	0.150628300313654	0.307128357076075	0.287203339132976	0.164561628638941	0.94745446615632	0.563190572758074	0.728139560082349	0.211993582029683	0.580348618209413	0.48084802805006	0.591833697162135	-2.388	-1.9634	-1.4039	-1.6519	-2.8996	-2.316	-2.4291	-2.9213	-0.5614	-1.5717	-1.1037	-2.6758	-1.5584	-1.8317	-1.5146
KINASE-PSP_PKACA/PRKACA	0.329025443203435	0.555324514714218	0.290037155992191	0.264773242359902	0.109392669628433	0.564450447758033	0.375844494488562	0.111236394251007	1	0.817702888133821	0.614372826279196	0.840782831485756	0.878964871060717	0.642250279863697	0.906765321669552	-2.3124	-1.6097	-2.4182	-2.5585	-3.263	-1.5611	-2.0947	-3.3064	0.2862	-0.8606	-1.4339	-0.7891	-0.6917	-1.3663	-0.6255
KINASE-PSP_PDK1/PDPK1	NA	NA	NA	NA	NA	0.750409529919213	0.664516542312243	NA	0.692068421207733	0.326797343142735	NA	0.230526523368172	0.596873267769539	0.661732229123533	0.15895002422764	NA	NA	NA	NA	NA	1.0348	1.3012	NA	1.1987	2.2987	NA	2.5634	1.4799	1.2851	2.8201
KINASE-PSP_PAK4	NA	0.555324514714218	NA	1	1	NA	NA	NA	NA	NA	NA	1	NA	0.838734978442345	0.958805275749737	NA	-1.5994	NA	-0.0438	0.2724	NA	NA	NA	NA	NA	NA	0.1696	NA	0.8175	0.5346
KINASE-PSP_PAK2	0.587421608636102	0.760316230062676	0.510325454824764	0.366732623213699	0.525115096155746	0.464901954749924	0.677139484556364	0.0668645652245219	0.975194627048611	0.841764932947243	NA	0.929284516166349	0.834930467499532	0.201358902717805	1	-1.5113	-1.0151	-1.7538	-2.0841	-1.7038	-1.8669	-1.2364	-3.0983	0.4761	0.8041	NA	-0.594	-0.8211	-2.6697	-0.275
KINASE-PSP_PAK1	0.653864054524177	0.843303403730507	0.740392260800424	0.463079899711846	0.73490654457426	0.642250279863697	0.963333315478805	0.196172752808989	0.702832816061557	0.539303296058423	1	1	0.994323836999639	0.387127182119752	0.958805275749737	-1.3274	-0.813	-1.0768	-1.8515	-1.101	-1.3595	-0.4988	-2.7341	1.1518	1.6689	-0.0291	0.1013	0.4181	-2.0553	0.526
KINASE-PSP_p90RSK/RPS6KA1	0.554416009179247	0.641697154094683	1	1	0.9493023822832	1	1	0.877467307921618	0.844905909418751	0.48084802805006	0.372367007885921	0.357945340684773	0.203779733555008	0.500059136605559	0.305979237372729	-1.5869	1.3588	-0.3539	-0.2987	-0.5592	0.2767	-0.2686	-0.7038	0.7834	1.8425	2.1194	2.2053	2.7882	1.7509	2.3398
KINASE-PSP_p70S6K/RPS6KB1	0.287203339132976	1	1	1	1	0.79620107732551	0.360851049056254	1	0.377455349840324	0.323527105602502	0.193088582225099	0.230191878417373	0.12340989598698	0.377455349840324	0.195138570706893	-2.4276	0.3173	0.396	0.3619	-0.1593	0.9464	2.1648	0.3985	2.1347	2.2894	2.8059	2.5655	2.9457	2.0663	2.709
KINASE-PSP_P38D/MAPK13	0.797109523412738	0.726707141582922	NA	0.685938248302673	0.750409529919213	0.79620107732551	0.763718919120405	0.966619071757387	0.855805053035726	1	0.320217315567045	NA	NA	NA	0.0343803939596326	-0.9441	-1.1064	NA	-1.222	-1.0469	-0.9358	-1.0062	-0.5077	-0.7631	-0.3564	-2.2756	NA	NA	NA	-3.2299
KINASE-PSP_P38A/MAPK14	0.708216256193855	0.355244440661893	0.378802180675021	0.950288252427055	0.571482506342285	1	0.850717484595642	0.811517078940033	1	1	0.739101341443355	1	1	1	1	-1.1458	-2.216	-2.0716	-0.5461	-1.5676	0.1526	0.7829	-0.8783	-0.3274	-0.3297	1.0739	-0.2988	0.3263	-0.0377	-0.0841
KINASE-PSP_mTOR/MTOR	0.392115203021719	0.0819045454310643	0.178080520536804	0.224690571293425	0.230191878417373	0.109392669628433	0.257204796889248	0.0474137028741287	0.0315808343873557	0.289260254392155	0.0343803939596326	0.284029091352856	0.119041799656861	0.195138570706893	0.0895040322580645	2.0424	3.5259	2.8556	2.7267	2.6162	3.3156	2.6476	3.8158	4.2594	2.458	3.9041	2.4632	3.3097	2.8499	3.3522
KINASE-PSP_MLK2/MAP3K10	0.30468100765091	0.692068421207733	NA	0.458883369887756	0.376168173905005	1	0.828840580134926	0.996192273309088	0.718109465005482	0.242435405118938	0.0988849304971509	0.678332104028272	0.992026078234704	1	0.450474964069532	-2.2974	-1.183	NA	-1.8617	-2.0905	0.1651	-0.8499	-0.4274	-1.1319	-2.5053	-3.0001	-1.2469	-0.4707	-0.3897	-1.905
KINASE-PSP_MELK	0.339781106721038	0.645965890425792	NA	0.361730201900742	0.392115203021719	0.342163474507688	0.587688034507451	0.596960899614365	1	1	1	0.847858836720786	0.573917345445237	0.912491547183313	0.806017061068394	-2.1844	-1.3458	NA	-2.1719	-2.0488	-2.2481	-1.4888	-1.4762	-0.2379	0.0334	-0.2432	-0.7976	-1.5411	-0.6498	-0.9006
KINASE-PSP_MEK1/MAP2K1	1	0.416437645340457	0.563485471279681	0.0343803939596326	NA	0.19815023525981	0.0917768230063324	0.759008336345563	0.0641365180891465	0.0266865279741466	0.626105118628764	0.0474137028741287	0.0315808343873557	0.105376664763674	0.0374910587785553	-0.2776	-1.9589	1.5897	-3.4234	NA	2.6699	3.0775	1.0413	3.2062	3.2992	1.418	3.2453	3.3792	3.0115	3.3387
KINASE-PSP_MAPKAPK2	0.346776750666568	0.759751852987322	0.666513029905443	0.447472608051149	0.40567434786524	1	1	1	0.937313767894163	0.670537137337706	0.51120604326876	0.915236029022583	0.692068421207733	0.854517746365148	0.614078227386341	-2.2092	-1.0252	-1.274	-1.9012	-2.0131	-0.3691	-0.29	-0.3332	0.5677	1.259	1.7419	0.6116	1.1866	0.7532	1.4228
KINASE-PSP_JNK3/MAPK10	NA	NA	NA	NA	NA	0.737482265314365	0.885706036361205	1	0.98119843144115	0.897591431623462	0.887957400871728	NA	0.819932345499999	0.761846649566621	1	NA	NA	NA	NA	NA	1.0875	0.7023	0.2603	0.4671	-0.6837	-0.6966	NA	0.8722	1.0277	-0.3991
KINASE-PSP_JNK2/MAPK9	0.652357610503336	0.539356453126419	0.856979836507396	NA	0.824469494090935	0.783994702954473	0.764733940320703	0.767340393955524	0.596702949549782	0.406615060921995	0.580429582368405	1	0.891877776377548	0.98336834106929	0.791530328430439	-1.3326	-1.669	-0.7662	NA	-0.8594	-0.9581	-1.002	-0.9868	-1.4856	-2.0254	-1.5221	-0.0136	-0.6808	0.4629	-0.945
KINASE-PSP_JNK1/MAPK8	0.136479426212885	0.294125387197253	0.563965621107922	0.447472608051149	0.400675444241096	0.765578155203253	0.642250279863697	0.69095151279283	0.5610997872979	0.376168173905005	0.828840580134926	1	0.906765321669552	1	0.733863796090599	-3.0061	-2.4434	-1.5825	-1.9183	-2.0206	-0.9845	-1.3597	-1.1847	-1.5759	-2.088	-0.8338	-0.3707	-0.6358	0.0072	-1.0581
KINASE-PSP_GSK3B	0.664516542312243	0.775085892368501	1	0.428794363149888	0.958184315463004	1	1	0.9493023822832	1	0.862785809049446	0.79620107732551	1	0.648388667842957	1	1	-1.2876	-0.9817	-0.3429	-1.9373	-0.5094	-0.1866	-0.3784	-0.54	-0.0026	-0.7364	-0.9073	0.2742	1.3205	-0.1984	-0.3648
KINASE-PSP_GSK3A	0.763919821826281	0.631996194345471	1	0.291184248241434	0.759994008246545	0.812017331947322	0.956291335037903	0.692883786296969	0.889236878315035	0.924508731309278	0.714062268927301	0.737482265314365	0.877467307921618	1	0.974606626201948	-0.9933	-1.4231	-0.224	-2.4297	-1.0044	-0.8826	-0.5426	-1.1801	-0.6797	-0.5955	-1.1224	-1.0722	0.7188	0.2624	-0.4748
KINASE-PSP_ERK2/MAPK1	0.201358902717805	0.654802056960639	0.681680477349216	0.30468100765091	0.447472608051149	1	0.831057912680515	1	0.94745446615632	0.759751852987322	1	1	0.995015995233731	1	1	-2.7908	-1.2911	1.2143	-2.4052	-1.9202	0.0603	-0.8177	0.3377	-0.5518	-1.0178	0.149	-0.2142	-0.4213	-0.2862	-0.3273
KINASE-PSP_ERK1/MAPK3	0.430715090875324	0.366732623213699	1	0.523269877928448	0.538295110817797	0.876446351190653	0.882335665695374	1	0.926120252030647	1	0.807612765826377	1	0.912495630540438	1	1	-1.973	-2.155	0.3709	-1.7087	-1.6779	-0.7033	-0.6998	-0.1359	-0.5933	-0.2936	-0.8871	-0.0044	-0.6023	0.0082	-0.3557
KINASE-PSP_DYRK2	0.0668645652245219	0.138917137070711	0.0972037819352243	0.165024019215372	0.12340989598698	0.0566816816816817	0.0315808343873557	0.257204796889248	0.0474137028741287	0.0946148071148071	0.191817405397247	0.0840109560900454	0.0266865279741466	0.193088582225099	0.0374910587785553	3.1727	2.8593	3.0801	2.8177	2.892	3.2464	3.3738	2.4555	3.1987	3.0601	2.7427	3.1546	3.3347	2.6899	3.3536
KINASE-PSP_DYRK1A	0.230191878417373	0.472573801825253	0.98119843144115	0.533227718566147	0.664516542312243	0.842396326776395	0.820246401494341	0.681530990555569	0.855315703050764	0.527674556337069	0.396696056500806	0.315873222245293	0.531730810568767	0.196172752808989	0.508764465270228	-2.6162	-1.8561	-0.461	-1.6741	-1.2748	-0.7675	-0.8704	-1.2348	-0.766	-1.6707	-2.0319	-2.2695	-1.683	-2.8076	-1.7336
KINASE-PSP_DNAPK/PRKDC	0.760143201840525	1	0.316656883348494	1	0.788786064235166	1	0.845297740140186	1	0.716108737240095	0.562185550412558	0.765967336201023	0.750289852810769	0.776980469604771	1	0.692712306486619	1.0162	0.2881	-2.2764	-0.1849	-0.9556	-0.3303	0.8042	-0.2431	1.1411	1.5886	-1.0082	1.0646	0.9676	-0.1149	1.1934
KINASE-PSP_Cot/MAP3K8	NA	NA	NA	NA	NA	1	1	NA	1	0.344105062820183	1	0.260396493557151	1	1	0.305203934825073	NA	NA	NA	NA	NA	0.1335	-0.2716	NA	-0.1944	2.1865	0.235	2.4437	-0.2431	-0.3661	2.3194
KINASE-PSP_CK2A1/CSNK2A1	0.500473484848485	0.995015995233731	0.547410815164801	0.643353190737114	0.343893126943608	1	0.840669001202112	0.201358902717805	1	0.284698401882197	0.564450447758033	0.670454162973601	0.845297740140186	0.122679824904308	0.70506716093676	1.7558	0.4173	1.6261	1.3499	2.2358	-0.1139	0.7826	2.8626	-0.174	2.4883	1.5738	1.2606	0.7774	3.2962	1.1464
KINASE-PSP_CK1D/CSNK1D	0.596970235423691	0.20635990498724	NA	0.220633938925396	0.195138570706893	0.289260254392155	0.523269877928448	0.410642271284364	0.549679750852039	0.650761368064297	1	0.294355196929739	NA	0.293442288362865	0.499917980475761	-1.4917	-2.6862	NA	-2.6265	-2.7114	-2.3868	-1.7044	-2.0064	-1.6108	-1.3088	-0.2966	-2.4302	NA	-2.3218	-1.7764
KINASE-PSP_Chk2/CHEK2	0.958184315463004	1	0.590213722904578	0.96681537253042	1	1	1	0.828840580134926	1	0.96681537253042	0.596873267769539	0.678332104028272	0.561714261919578	0.569550026490279	0.686593112671347	-0.5297	-0.3729	-1.502	-0.5085	-0.118	0.1048	0.2516	0.8502	0.3831	0.5105	1.4931	1.2435	1.5952	1.5773	1.2057
KINASE-PSP_Chk1/CHEK1	0.739101341443355	0.66960872064628	0.759751852987322	0.535434476647206	0.570948702001518	1	1	0.159916420986347	0.928190538465804	0.961821380027185	0.912491547183313	1	0.995015995233731	1	1	-1.0652	-1.2584	-1.0248	-1.6884	-1.5572	0.184	-0.2789	-3.0115	0.5999	0.5087	-0.6075	-0.0182	0.4137	-0.0737	0.1011
KINASE-PSP_CDK7	0.284698401882197	0.107619117920314	0.0945042901434855	0.122230877333869	1	0.692068421207733	0.706693251897533	0.419760732411279	0.609099307581842	0.904230300552399	0.564450447758033	0.759751852987322	0.595931997571342	1	0.796056080267066	2.43	3.1324	2.9898	3.0308	0.3428	1.1991	1.1645	1.9648	1.4648	0.6496	1.5856	1.0072	1.4727	-0.0233	0.9381
KINASE-PSP_CDK6	0.009909375	0.009909375	0.009909375	0.009909375	0.009909375	0.0231870281337404	0.0343803939596326	0.0146123645211236	0.009909375	0.295074775672981	0.009909375	0.195138570706893	0.0266865279741466	0.009909375	0.009909375	4.457	5.1117	4.528	4.9552	4.8624	3.9659	3.9421	4.056	4.4982	2.3987	4.4991	2.8176	4.0922	5.0834	4.4419
KINASE-PSP_CDK5	0.988112121183848	0.770062171498026	0.481365869187473	1	1	0.639222207094044	0.75086437369981	0.831384822493999	0.692712306486619	1	0.558895876058869	0.775509286079103	0.328326600616392	0.500059136605559	0.681680477349216	0.4296	0.967	1.8362	0.0846	0.2167	1.3911	1.0312	0.8316	1.1678	0.0807	1.6098	0.9726	2.2469	1.7499	1.2194
KINASE-PSP_CDK4	0.009909375	0.0266865279741466	0.109392669628433	0.0266865279741466	0.0266865279741466	0.0621206026475536	0.009909375	0.103452450146682	0.009909375	0.0146123645211236	0.009909375	0.0455093429776974	0.009909375	0.0231870281337404	0.009909375	4.8581	4.1519	3.1704	3.9079	3.7402	3.4214	4.2839	3.1734	4.9285	4.0185	4.9181	3.7428	4.5898	4.118	4.8406
KINASE-PSP_CDK3	0.883683584970369	0.759751852987322	0.686481294611851	0.79620107732551	0.812669979193735	0.985153162857181	0.766969195206322	NA	0.552701118955994	1	0.502039770228995	0.89552738736372	1	0.806017061068394	0.975194627048611	0.7204	1.0397	1.2209	0.9426	0.8977	0.4441	0.9875	NA	1.6213	0.1127	1.7581	-0.6797	0.3041	0.9206	0.4968
KINASE-PSP_CDK2	0.0641365180891465	0.0146123645211236	0.0929065602012634	0.0146123645211236	0.18694283854281	0.0895040322580645	0.211993582029683	0.225127616088678	0.0343803939596326	0.0744727489079209	0.103452450146682	0.0231870281337404	0.103452450146682	0.307541843113531	0.0641365180891465	3.5195	4.5769	3.4288	4.3665	2.9144	3.4722	2.7629	2.783	4.1483	3.7068	3.1786	4.1365	3.3739	2.3803	3.8351
KINASE-PSP_CDK1	0.392115203021719	0.461177092680843	0.69095151279283	0.635642221292691	1	1	0.661637918802182	1	0.357362714685957	0.575780278479337	0.664516542312243	0.284995881015267	0.305979237372729	0.366940196772591	0.305774126359639	2.0686	1.8755	1.1728	1.3854	-0.0483	0.331	1.2888	0.1314	2.1964	1.51	1.2719	2.5004	2.3883	2.1435	2.373
KINASE-PSP_CDC7	0.138108736574023	0.0760716902784563	0.0621206026475536	0.0755625599116151	0.828840580134926	0.61719247769421	0.63293695380774	0.350106217328277	0.489840500824493	0.432774067214636	0.581462253799309	0.462585375652873	0.511440342133119	0.741433165435286	0.372367007885921	2.9463	3.3115	3.1929	3.3647	0.8604	1.4369	1.4047	2.1844	1.8016	1.9414	1.5368	1.8526	1.7312	1.0661	2.1076
KINASE-PSP_CAMK2A	1	0.46875811243474	1	0.627869933793519	0.635142207924837	0.741433165435286	1	0.211993582029683	1	0.814777962364719	0.985153162857181	0.103452450146682	0.905742156625162	0.195138570706893	0.373219489786999	0.012	-1.8684	0.0911	-1.4074	-1.3953	-1.0705	-0.233	-2.7317	0.4047	-0.8928	0.4412	-3.2216	-0.6415	-2.7771	-2.138
KINASE-PSP_BRAF	NA	NA	NA	NA	NA	0.561714261919578	0.50943667679352	0.59363908567225	0.527851898411969	0.840252616592603	0.79620107732551	0.79210775047259	0.65525359836649	0.681680477349216	0.640099153801434	NA	NA	NA	NA	NA	-1.6019	-1.7572	-1.4766	-1.687	0.8312	-0.9226	0.9412	-1.3276	-1.231	1.3771
KINASE-PSP_AurB/AURKB	0.708216256193855	0.840669001202112	1	0.598118641029089	0.670537137337706	1	1	0.729064309966048	0.850170764838733	0.974606626201948	0.770062171498026	0.98119843144115	0.954509345806959	0.694549307828208	1	-1.1375	-0.7985	-0.315	-1.4662	-1.2642	-0.2145	0.2196	-1.1216	0.7851	0.4689	0.9796	-0.4606	0.5349	-1.1727	0.1857
KINASE-PSP_ARAF	NA	NA	NA	NA	NA	0.568421750385509	0.499215642501014	0.601739876319607	0.528605721144229	0.830732956860919	0.806516447689861	0.799601822038659	0.654526024163839	0.686481294611851	0.642640653357532	NA	NA	NA	NA	NA	-1.5693	-1.7731	-1.4553	-1.6833	0.8543	-0.902	0.9305	-1.3269	-1.2226	1.3586
KINASE-PSP_AMPKA1/PRKAA1	0.449896375736409	0.291988950276243	0.397233841546743	0.22737092494384	0.195138570706893	0.230191878417373	0.2588033070506	0.419760732411279	0.89157942933656	1	1	0.469177783869786	1	0.582775409662552	1	-1.9135	-2.4193	-2.0354	-2.5646	-2.7756	-2.592	-2.4908	-1.9757	-0.6818	-0.3317	0.1694	-1.8638	0.0729	-1.5208	-0.3608
KINASE-PSP_Akt1/AKT1	0.600250356197842	0.882335665695374	0.995579378655157	0.666513029905443	0.41735074618189	0.678808597550918	0.41829219469807	0.625721615839286	0.596369081900846	0.958805275749737	1	0.850838458409113	1	0.941073160258164	0.938830992297236	-1.4592	-0.7002	-0.419	-1.2832	-1.9644	-1.2334	-1.9865	-1.4212	-1.4625	-0.5111	-0.3884	-0.7621	-0.1414	-0.5581	-0.5719
DISEASE-PSP_type_2_diabetes	0.230191878417373	0.0266865279741466	1	0.0425780463242699	1	1	1	0.950288252427055	1	0.877467307921618	0.7075091429597	1	0.643353190737114	1	1	-2.5962	-3.6665	0.0988	-3.5572	NaN	-0.0904	0.011	0.5691	0.2561	0.7148	1.1607	0.2746	1.3632	0.3491	0.242
DISEASE-PSP_PSP	0.0545747907837274	0.0402166193181818	NA	0.0936191083894439	0.143990918264379	0.0315808343873557	0.0146123645211236	0.230236724523114	0.0455093429776974	0.193385103268824	0.498995165019971	0.0741895699431471	NA	0.103452450146682	0.0343803939596326	-3.463	-3.5203	NA	-3.1737	-3.0292	-3.6486	-3.8021	-2.6085	-3.3927	-2.7261	-1.8063	-3.3251	NA	-3.2027	-3.6336
DISEASE-PSP_neuroblastoma	0.432774067214636	0.450474964069532	0.424937831564987	0.796131999273286	NA	0.400675444241096	0.405628051910839	1	0.230191878417373	0.216233604516022	0.724533104480882	0.135008478495452	0.193385103268824	0.221503833724831	0.201358902717805	1.9592	1.8957	1.9983	-0.9328	NA	2.0413	2.0362	-0.1551	2.5163	2.6518	-1.116	2.9914	2.7694	2.6608	2.7441
DISEASE-PSP_melanoma_skin_cancer	0.726707141582922	0.590224202309925	0.570190184664793	0.626105118628764	0.601506799941586	0.954509345806959	0.912491547183313	0.797109523412738	0.643846536221768	1	NA	0.975194627048611	0.639448843937926	0.407554282267793	0.590213722904578	1.1097	1.5294	1.5844	1.4173	1.4645	0.5438	0.6233	0.921	1.3562	-0.1862	NA	0.4584	1.3887	1.9783	1.4994
DISEASE-PSP_medullary_thyroid_carcinoma	0.343893126943608	0.0425780463242699	1	0.0402166193181818	NA	0.305203934825073	0.30468100765091	0.508546474170034	0.583516347395858	0.526307657771181	0.195138570706893	0.314342895392755	0.191817405397247	0.297559240279048	0.253123129115945	-2.2152	-3.3035	0.0075	-3.2925	NA	2.323	2.3546	1.7501	1.5406	1.7246	2.6904	2.2956	2.7031	2.3529	2.5333
DISEASE-PSP_breast_cancer	0.805006073905091	NA	0.0621206026475536	NA	NA	1	0.975194627048611	0.862729742499409	1	0.694549307828208	0.714964622778563	1	1	1	0.767606790883656	-0.9142	NA	-3.1994	NA	NA	0.0187	0.4549	-0.7482	0.3829	1.1923	1.1388	0.006	0.2201	-0.0507	0.9916
DISEASE-PSP_Alzheimer's_disease	0.0984004739336493	0.0762636267037479	0.910880746366211	0.0641365180891465	0.101719381535895	0.609128242760852	0.510325454824764	0.603679727078128	0.48133510981003	1	0.508970675472864	0.595557534701713	0.0641365180891465	0.224690571293425	0.490037377893646	-3.3225	-3.3838	-0.6313	-3.588	-3.192	-1.4237	-1.7575	-1.431	-1.8357	-0.2886	-1.7436	-1.4736	-3.5692	-2.5989	-1.801
